0
0
0
0
0
0
0
0
0
0
0
0
0
0
0
0
0
0
0
0
0
0
0
0
0
0
0
0
0
0
0
0
0
0
0
0
0
0
0
0
0
0
0
0
0
0
0
0
0
0
0
0
0
0
0
0
0
0
0
0
0
0
0
0
0
0
0
0
0
0
0
0
0
0
0
0
0
0
0
0
0
0
0
0
0
0
0
0
0
0
0
0
0
0
0
0
0
0
0
0
0
0
0
0
0
0
0
0
0
0
0
0
0
0
0
0
0
0
0
0
0
0
0
0
0
0
0
0
50
50
50
50
50
50
50
50
50
50
50
50
50
50
50
50
50
50
50
50
50
50
50
50
50
50
50
50
50
50
50
50
50
50
50
50
50
50
50
50
50
50
50
50
50
50
50
50
50
50
50
50
50
50
50
50
50
50
50
50
50
50
50
50
50
50
50
50
50
50
50
50
50
50
50
50
50
50
50
50
50
50
50
50
50
50
50
50
50
50
50
50
50
50
50
50
50
50
50
50
50
50
50
50
50
50
50
50
50
50
50
50
50
50
50
50
50
50
50
50
50
50
50
50
50
50
50
50
-100
-94.488188976378
-88.9763779527559
-83.4645669291339
-77.9527559055118
-72.4409448818898
-66.9291338582677
-61.4173228346457
-55.9055118110236
-50.3937007874016
-44.8818897637795
-39.3700787401575
-33.8582677165354
-28.3464566929134
-22.8346456692913
-17.3228346456693
-11.8110236220472
-6.2992125984252
-0.787401574803155
4.7244094488189
10.2362204724409
15.748031496063
21.259842519685
26.7716535433071
32.2834645669291
37.7952755905512
43.3070866141732
48.8188976377953
54.3307086614173
59.8425196850394
65.3543307086614
70.8661417322835
76.3779527559055
81.8897637795276
87.4015748031496
92.9133858267716
98.4251968503937
103.937007874016
109.448818897638
114.96062992126
120.472440944882
125.984251968504
131.496062992126
137.007874015748
142.51968503937
148.031496062992
153.543307086614
159.055118110236
164.566929133858
170.07874015748
175.590551181102
181.102362204724
186.614173228346
192.125984251968
197.637795275591
203.149606299213
208.661417322835
214.173228346457
219.685039370079
225.196850393701
230.708661417323
236.220472440945
241.732283464567
247.244094488189
252.755905511811
258.267716535433
263.779527559055
269.291338582677
274.803149606299
280.314960629921
285.826771653543
291.338582677165
296.850393700787
302.362204724409
307.874015748031
313.385826771654
318.897637795276
324.409448818898
329.92125984252
335.433070866142
340.944881889764
346.456692913386
351.968503937008
357.48031496063
362.992125984252
368.503937007874
374.015748031496
379.527559055118
385.03937007874
390.551181102362
396.062992125984
401.574803149606
407.086614173228
412.59842519685
418.110236220472
423.622047244094
429.133858267717
434.645669291339
440.157480314961
445.669291338583
451.181102362205
456.692913385827
462.204724409449
467.716535433071
473.228346456693
478.740157480315
484.251968503937
489.763779527559
495.275590551181
500.787401574803
506.299212598425
511.811023622047
517.322834645669
522.834645669291
528.346456692913
533.858267716535
539.370078740158
544.88188976378
550.393700787402
555.905511811024
561.417322834646
566.929133858268
572.44094488189
577.952755905512
583.464566929134
588.976377952756
594.488188976378
600
