-2.000000000000000000e+02
-6.666666666666665719e+01
6.666666666666668561e+01
2.000000000000000000e+02
-2.000000000000000000e+02
-6.666666666666665719e+01
6.666666666666668561e+01
2.000000000000000000e+02
-2.000000000000000000e+02
-6.666666666666665719e+01
6.666666666666668561e+01
2.000000000000000000e+02
-2.000000000000000000e+02
-6.666666666666665719e+01
6.666666666666668561e+01
2.000000000000000000e+02
-2.000000000000000000e+02
-2.000000000000000000e+02
-2.000000000000000000e+02
-2.000000000000000000e+02
-6.666666666666665719e+01
-6.666666666666665719e+01
-6.666666666666665719e+01
-6.666666666666665719e+01
6.666666666666668561e+01
6.666666666666668561e+01
6.666666666666668561e+01
6.666666666666668561e+01
2.000000000000000000e+02
2.000000000000000000e+02
2.000000000000000000e+02
2.000000000000000000e+02
5.000000000000000000e+01
5.000000000000000000e+01
5.000000000000000000e+01
5.000000000000000000e+01
5.000000000000000000e+01
5.000000000000000000e+01
5.000000000000000000e+01
5.000000000000000000e+01
5.000000000000000000e+01
5.000000000000000000e+01
5.000000000000000000e+01
5.000000000000000000e+01
5.000000000000000000e+01
5.000000000000000000e+01
5.000000000000000000e+01
5.000000000000000000e+01
