-600
-400
-200
0
200
400
600
-600
-400
-200
0
200
400
600
-600
-400
-200
0
200
400
600
-600
-400
-200
0
200
400
600
-600
-400
-200
0
200
400
600
-600
-400
-200
0
200
400
600
-600
-400
-200
0
200
400
600
-600
-600
-600
-600
-600
-600
-600
-400
-400
-400
-400
-400
-400
-400
-200
-200
-200
-200
-200
-200
-200
0
0
0
0
0
0
0
200
200
200
200
200
200
200
400
400
400
400
400
400
400
600
600
600
600
600
600
600
-20
-20
-20
-20
-20
-20
-20
-20
-20
-20
-20
-20
-20
-20
-20
-20
-20
-20
-20
-20
-20
-20
-20
-20
-20
-20
-20
-20
-20
-20
-20
-20
-20
-20
-20
-20
-20
-20
-20
-20
-20
-20
-20
-20
-20
-20
-20
-20
-20
