-918.319793756703 392.071582444667 5.0687610640665
-880.978407236736 384.319062677909 5.12935689990195
-839.828990783331 375.775950218092 5.19613222659749
-795.777147374483 366.630259106525 5.26761747447451
-745.47963929279 356.187893089572 5.34923789156912
-702.889667700557 347.345704102885 5.41835088300717
-655.739574044626 337.556779075244 5.49486382484111
-608.118734686921 327.670121593128 5.5721406705341
-560.802201953914 317.846641816581 5.64892370182992
-510.401354123951 307.382821228285 5.73071181378015
-467.083241685521 298.38946146758 5.8010063977431
-374.237026823772 279.113473533937 5.95167284369034
-326.640344834721 269.23183141133 6.0289104879481
-227.105088957892 248.567118325172 6.19043159326985
