7.864999771118164062e+00
7.864999771118164062e+00
7.864999771118164062e+00
7.864999771118164062e+00
8.583265927549287966e+00
8.583265927549287966e+00
8.583265927549287966e+00
8.583265927549287966e+00
8.583265927549287966e+00
8.049268241980408689e+00
9.916793032234975769e+00
9.916793032234975769e+00
9.916793032234975769e+00
6.013939266097024117e+00
6.013939266097024117e+00
6.160190508817574795e+00
6.160190508817574795e+00
5.162239572321457359e+00
5.162239572321457359e+00
9.180308322022943557e+00
9.180308322022943557e+00
9.180308322022943557e+00
7.035849139948094688e+00
8.584557390935367849e+00
8.584557390935367849e+00
8.584557390935367849e+00
8.584557390935367849e+00
