-6.500000000000000000e+01
-5.816608947979112543e+01
-4.822429466247495355e+01
-2.661994166108848958e+01
2.322862817008510916e+01
2.742005798710957265e+01
2.888892801592493953e+00
-2.028261420296600193e+01
-3.726755608374355688e+01
-5.195932208279968734e+01
-5.942442368918327134e+01
-5.828292717876684748e+01
-5.878359274055905104e+01
-5.730386598167422108e+01
-5.581193919411248316e+01
-5.211736098695718056e+01
-5.027661072073362902e+01
-4.824208909029723458e+01
-4.641965459618457146e+01
-4.558295005366988306e+01
-4.570945407511406700e+01
-4.316029647171292538e+01
-4.242258993559249802e+01
-4.094278018794497598e+01
-3.859444415443550014e+01
-3.807432226262280750e+01
-3.964293272744001939e+01
-3.947467400220559597e+01
-4.000973745139282300e+01
-4.153487567314629558e+01
-4.369319309213182123e+01
-4.685460411296799776e+01
-5.037587147257731601e+01
-4.646796766247163646e+01
-4.643251014781183272e+01
-4.690635719770403966e+01
-4.639682652529483420e+01
-4.515609089841850476e+01
-4.247168967825661667e+01
-4.163634266862008104e+01
-4.067093955135658945e+01
-4.107329954811480377e+01
-4.285335558224957708e+01
-4.539449062854791350e+01
-4.693075021082343312e+01
-4.878134018902233038e+01
-5.049111638242745670e+01
-5.128099379705445671e+01
-5.156471149788344377e+01
-4.885380302017017584e+01
-4.739105571412635953e+01
-4.060773820177475102e+01
-3.509662019663055332e+01
-2.874654704966746621e+01
-2.671290417848799592e+01
-3.031160478862472374e+01
-3.574635105800038559e+01
-4.143530016547862260e+01
-4.710776471389403497e+01
-4.850554761931297776e+01
-4.730769150829301140e+01
-4.754307683387347083e+01
-4.653983225966730686e+01
-4.499400986914821488e+01
-4.478327089846274589e+01
-4.345993395583975882e+01
-4.335275460386976931e+01
-4.231154254045743812e+01
-4.251777106375338633e+01
-4.194776737878905237e+01
-4.263514548900114676e+01
-4.252802639942335361e+01
-4.092723347571183012e+01
-3.885094610891583500e+01
-3.802209690429725697e+01
-3.707428755856064839e+01
-3.581456498446546988e+01
-3.770072031622397901e+01
-4.093789523464386093e+01
-4.455761673541834256e+01
-4.782385442745425053e+01
-5.016436613816990331e+01
-4.656570678719419476e+01
-4.308286222057039083e+01
-4.086365712925682203e+01
-3.915323655526906776e+01
-3.915359409540614877e+01
-4.049633254482583311e+01
-4.159616394312234888e+01
-4.267983167995481608e+01
-4.343967466482531137e+01
-4.263497498422302101e+01
-4.354706654744327921e+01
-4.512109241513961422e+01
-4.536229818848286754e+01
-4.650606294078343694e+01
-4.607491613088734539e+01
-4.509608555097027249e+01
-4.367258561803672734e+01
-4.369823012083458025e+01
-4.427275168808265704e+01
-4.257886457108528333e+01
-4.130457127215697710e+01
-4.175483663811483837e+01
-4.311683129157522387e+01
-4.136509531679693907e+01
-3.745254005528727248e+01
-3.467826311266345840e+01
-3.469005265969178708e+01
-3.678143644383873578e+01
-3.886030657811312494e+01
-4.288263716265886671e+01
-4.698187035131866907e+01
-4.789782151564645574e+01
-4.813428784520301917e+01
-4.524338207194142569e+01
-4.280818419490472593e+01
-3.972235156455826655e+01
-3.865699487670965340e+01
-3.895284633060913393e+01
-3.813483964030879747e+01
-4.055531667181681854e+01
-4.300363878603187118e+01
-4.559820378978097466e+01
-4.488441818935058336e+01
-4.684174053368405310e+01
-4.912872030880120633e+01
-5.006707368363752408e+01
-4.982144998051588658e+01
-4.937106424824268203e+01
-5.013299928107620929e+01
-5.174282450407769574e+01
-5.108644285293344467e+01
-5.212393622091332190e+01
-5.095950171181094390e+01
-4.754363817120083979e+01
-4.664491615332471497e+01
-4.714934661297473895e+01
-4.468136282525065184e+01
-4.305642394070063972e+01
-4.134839671693251262e+01
-4.035329023297465056e+01
-3.644118627830408030e+01
-3.449415186370353581e+01
-3.428070976042491935e+01
-3.830006968474044271e+01
-4.468044243540921912e+01
-5.113188365715397055e+01
-5.538754568283854951e+01
-5.904326544394042031e+01
-5.651399641547487818e+01
-5.535100974335296797e+01
-5.627586012795450188e+01
-5.584678958434770379e+01
-5.216380392388043674e+01
-5.302995526884633648e+01
-5.245380754193593020e+01
-5.211665506331414122e+01
-4.908529516592631126e+01
-4.980612117224048774e+01
-4.760789609637824782e+01
-4.665150898424791848e+01
-4.769575617707904058e+01
-5.144070862001883881e+01
-5.250837572816688237e+01
-4.987434007427646065e+01
-4.906945429871465336e+01
-4.743160536917258696e+01
-4.682240307338320662e+01
-4.735773993581577912e+01
-4.673387117534843327e+01
-4.787820251199926247e+01
-4.982601504245347002e+01
-5.290327098376185688e+01
-5.808056744425620366e+01
-6.397181424124083549e+01
-6.829288371017699433e+01
-7.245134628113785880e+01
-7.122824387507353094e+01
-6.499962520867168791e+01
-6.161686199798953112e+01
-6.023460259469732136e+01
-5.898741624932088712e+01
-6.264303951616174970e+01
-6.798884566056820233e+01
-6.456877390736384825e+01
-6.689545527876892095e+01
-6.719074248415027739e+01
-6.596862002956483195e+01
-5.676856270113663072e+01
-5.301622292608617926e+01
-4.747289953749355362e+01
-4.131623746135083053e+01
-2.491905001584004609e+01
4.917888317179805568e+00
6.922693937828794830e+00
-1.523265363872276090e+01
-3.577455169727046780e+01
-5.299861753285699706e+01
-6.994692115872302907e+01
-7.683181012042716418e+01
